Kim Tae Kyun,0.191,0.391,-0.340,0.370,0.598,-0.092,0.359,0.776,0.118,0.344,0.844,0.592,0.381,1.006,0.022,0.381,0.881,0.257,0.500,1.300,0.243,0.346,0.826,0.495,0.304,0.733,-0.056,0.429,1.000,0.365,0.340,0.862,0.291,0.316,0.786,-0.034,0.391,0.826,0.333,0.353,0.728,0.374,0.345,0.881,0.086,0.348,0.634,-0.152,0.235,0.485,-0.203,0.667,1.667,0.164,0.400,0.708,0.013,0.356,0.826,1.238,
Song Kwang Min,0.205,0.586,0.032,0.415,0.990,0.371,0.371,0.957,0.273,0.463,1.096,0.870,0.226,0.650,-0.031,0.316,0.698,-0.318,0.340,0.674,0.138,0.390,0.954,0.069,0.246,0.663,-0.243,0.324,0.724,0.038,0.348,0.866,1.538,0.172,0.379,-0.714,0.516,1.331,0.592,0.308,0.641,-0.171,0.400,0.900,0.150,0.091,0.227,-0.259,0.293,0.598,-0.333,0.192,0.472,-0.174,0.429,1.429,0.466,0.435,1.044,0.028,0.328,0.805,1.161,
Jared Hoying,0.349,0.857,0.679,0.423,0.914,0.569,0.300,0.809,-0.008,0.397,1.096,0.831,0.288,0.674,-0.123,0.444,1.199,0.829,0.475,1.287,1.054,0.304,0.701,-0.495,0.338,0.951,1.318,0.429,1.252,0.164,0.389,0.995,2.697,0.429,1.235,1.266,0.371,1.166,0.704,0.294,0.723,-0.302,0.400,0.775,0.025,0.250,0.540,-0.051,0.333,0.813,-0.157,0.303,0.613,-0.116,0.296,0.696,0.155,0.464,1.080,0.268,0.369,0.945,4.654,
Lee Sung Yeol,0.389,0.967,0.385,0.460,1.236,1.340,0.373,1.284,1.532,0.260,0.579,-0.497,0.229,0.629,-0.285,0.367,0.998,0.476,0.333,0.626,-0.005,0.306,0.732,-0.250,0.368,0.974,0.514,0.407,1.138,0.623,0.350,0.887,0.843,0.343,0.937,0.593,0.200,0.411,-0.248,0.360,0.840,-0.380,0.800,2.300,0.501,0.192,0.512,-0.118,0.382,0.970,0.996,0.500,1.405,0.413,0.222,0.704,0.016,0.346,0.946,-0.026,0.348,0.903,3.211,
Jung Kun Woo,0.455,0.924,0.151,0.400,0.888,1.020,0.400,0.852,-0.069,0.435,0.973,0.776,0.278,0.706,-0.233,0.182,0.432,-0.401,0.349,0.815,0.317,0.387,0.887,0.998,0.380,0.819,0.352,0.143,0.143,-0.150,0.391,0.832,2.211,0.333,0.773,0.147,0.409,0.935,0.251,0.353,0.882,0.621,0.556,0.889,0.275,0.316,0.927,-0.068,0.383,0.902,0.159,0.333,0.667,-0.319,0.267,0.695,-0.316,0.500,1.063,0.100,0.377,0.840,2.911,
Lee Yong Kyu,0.407,0.879,0.361,0.410,0.848,-0.286,0.373,0.664,0.329,0.492,0.912,0.229,0.327,0.566,-0.338,0.286,0.466,-0.456,0.464,0.842,-0.257,0.347,0.626,-0.093,0.364,0.709,-0.085,0.263,0.440,-0.317,0.444,0.853,1.197,0.313,0.657,-0.013,0.500,0.900,0.319,0.229,0.422,-0.487,0.400,0.733,-0.124,0.333,0.597,0.027,0.412,0.721,-0.342,0.233,0.448,-0.237,0.310,0.477,-0.244,0.321,0.729,-0.374,0.383,0.718,-0.596,
Kang Kyung Hak,0.353,0.723,-0.150,0.409,0.845,-0.091,0.400,0.942,0.149,0.276,0.545,-0.243,0.400,1.043,0.474,0.457,0.865,0.271,0.455,0.775,0.132,0.350,0.600,0.328,0.316,0.558,-0.098,0.539,0.939,0.292,0.357,0.764,0.750,0.333,0.597,-0.155,0.368,0.743,0.006,0.000,0.000,-0.012,0.250,0.350,0.030,0.440,0.703,0.000,0.214,0.500,-0.245,0.407,0.927,-0.010,0.556,1.164,0.114,0.382,0.774,0.772,
Ji Sung Joon,0.375,0.940,0.540,0.348,0.893,0.252,0.226,0.452,-0.028,0.333,0.507,-0.142,0.300,0.714,0.331,0.280,0.600,-0.090,0.357,0.802,0.565,0.450,1.391,1.273,0.182,0.282,-0.269,0.333,0.667,-0.059,0.378,0.849,1.629,0.000,0.000,-0.281,0.231,0.397,-0.079,0.500,0.833,0.104,0.200,0.600,0.157,0.286,0.736,0.278,0.273,0.636,0.253,0.286,0.643,0.592,0.333,0.750,-0.076,0.273,0.873,-0.085,0.320,0.730,2.433,
Choi Jae Hoon,0.278,0.581,-0.223,0.386,0.899,0.488,0.269,0.589,0.047,0.241,0.361,-0.488,0.281,0.460,-0.134,0.278,0.572,-0.030,0.460,0.839,-0.036,0.333,0.692,-0.215,0.413,0.763,0.084,0.250,0.477,0.030,0.333,0.656,-0.078,0.458,0.808,-0.068,0.250,0.327,-0.335,0.286,0.656,-0.225,0.250,0.500,0.096,0.400,0.733,0.056,0.296,0.557,-0.147,0.250,0.625,-0.137,0.467,0.928,0.181,0.471,1.000,0.121,0.335,0.662,-0.507,
Yang Sung Woo,0.447,0.841,0.554,0.191,0.341,-0.281,0.167,0.284,-0.046,0.167,0.389,-0.341,0.381,0.749,-0.179,0.349,0.691,0.027,0.381,0.734,-0.175,0.448,1.073,0.403,0.320,0.558,-0.110,0.500,1.071,0.376,0.324,0.633,0.059,0.222,0.347,-0.096,0.182,0.455,-0.147,0.438,1.038,0.125,0.333,0.333,-0.030,0.417,0.780,-0.138,0.316,0.566,-0.282,0.304,0.504,0.049,0.222,0.444,-0.065,0.338,0.666,-0.149,
Ha Ju Seok,0.250,0.565,0.122,0.242,0.513,-0.803,0.264,0.550,-0.303,0.362,0.714,-0.173,0.310,0.704,-0.029,0.431,1.074,0.556,0.322,0.718,-0.313,0.269,0.554,-0.349,0.246,0.560,-0.301,0.482,1.162,0.436,0.299,0.642,-0.189,0.333,0.720,-0.135,0.324,0.667,-0.305,0.265,0.628,-0.219,0.125,0.250,-0.332,0.273,0.558,0.039,0.263,0.560,-0.681,0.192,0.500,0.051,0.435,1.135,0.129,0.208,0.426,-0.389,0.299,0.659,-1.595,
Jung Eun Won,0.350,0.600,0.032,0.130,0.230,-0.452,0.292,0.564,-0.067,0.478,0.907,0.062,0.342,0.799,-0.039,0.333,0.714,-0.134,0.306,0.700,0.050,0.429,0.929,0.124,0.167,0.530,-0.112,0.200,0.508,-0.106,0.318,0.686,-0.605,0.111,0.111,-0.143,0.333,0.667,0.010,0.471,1.042,0.229,0.000,0.000,0.002,0.458,1.049,0.244,0.270,0.535,-0.092,0.250,0.250,-0.091,0.417,0.871,0.015,0.333,1.000,0.001,0.321,0.682,-0.537,
Baek Chang Su,0.308,1.000,-0.117,0.200,0.508,-0.568,0.389,0.889,0.051,0.222,0.389,-0.380,0.304,0.620,-0.086,0.167,0.500,-0.089,0.370,0.829,0.189,0.435,1.101,0.534,0.364,0.614,-0.010,0.182,0.546,-0.088,0.282,0.584,-0.823,0.267,0.421,-0.231,0.857,2.286,0.525,0.000,0.000,-0.056,0.333,0.333,0.040,0.393,0.931,0.264,0.167,0.833,-0.032,0.333,0.667,-0.074,0.333,1.667,-0.001,0.314,0.728,-0.476,
Lee Dong Hun,0.000,0.000,0.000,0.000,0.278,0.465,-0.044,0.333,0.667,-0.026,0.250,0.250,-0.037,0.400,1.400,-0.072,0.429,0.890,0.012,0.000,0.000,-0.005,0.000,0.000,-0.161,0.000,0.000,0.000,0.263,0.440,-0.069,0.000,0.000,-0.161,0.000,0.000,-0.005,0.429,0.890,0.012,0.000,0.000,0.000,0.375,1.089,-0.109,0.333,0.667,0.000,0.300,0.626,-0.332,
Kim Whae Sung,0.000,0.000,0.000,0.278,0.465,-0.044,0.333,0.667,-0.026,0.250,0.250,-0.037,0.400,1.400,-0.072,0.429,0.890,0.012,0.000,0.000,-0.005,0.000,0.000,-0.161,0.000,0.000,0.000,0.263,0.440,-0.069,0.000,0.000,-0.161,0.000,0.000,-0.005,0.429,0.890,0.012,0.000,0.000,0.000,0.375,1.089,-0.109,0.333,0.667,0.000,0.300,0.626,-0.332,
